1743972432575 0.060762884588669734 1
1743973270107 0.07405879169526353 2
1743974015233 0.03153622996066266 3
1743974741449 0.17772566388195996 4
1743975461975 0.10642828411838128 5
1743976186293 0.021391771279297582 6
1743976906844 0.054181165160482256 7
1743977622644 0.09763622791739239 8
1743978347297 0.030257728752410375 9
1743979070952 0.13390772420943495 10
1743979794652 0.10800315150007257 11
1743980529541 0.16200930849685397 12
1743981260387 0.05132192523569893 13
1743982026403 0.01784285021129418 14
1743982894747 0.12773722627737227 15
1743983784010 0.007131913446766693 16
1743984654475 0.14048968201147388 17
1743985532683 0.2430178022716246 18
1743986408256 0.0076863106123752295 19
1743987275512 0.119892663767593 20
1743988144566 0.4451312698159257 21
1743989011945 0.012315470129956308 22
1743989891592 0.32343085823294004 23
1743990775875 0.03490838518653676 24
1743991660413 0.09696813892159953 25
1743992545568 0.08008327233745202 26
1743993425349 0.3661798065000394 27
1743994291459 0.1532978379319782 28
1743995161180 0.1971614883007288 29
