1743972432588 0.6891800643086816 1
1743973270116 0.6147427652733118 2
1743974015233 0.8197427652733119 3
1743974741465 0.4342926045016077 4
1743975461979 0.5367363344051447 5
1743976186293 0.870112540192926 6
1743976906854 0.7139228295819936 7
1743977622653 0.6089549839228295 8
1743978347301 0.8089549839228296 9
1743979070956 0.5813826366559486 10
1743979794658 0.5894372990353698 11
1743980529541 0.31696141479099676 12
1743981260403 0.709903536977492 13
1743982026403 0.8834083601286173 14
1743982894755 0.5372186495176848 15
1743983784014 0.952315112540193 16
1743984654481 0.5276848874598071 17
1743985532690 0.4042443729903537 18
1743986408273 0.9478778135048231 19
1743987275522 0.5497909967845659 20
1743988144566 0.2917041800643087 21
1743989011945 0.9142926045016078 22
1743989891601 0.3894694533762058 23
1743990775883 0.7793569131832797 24
1743991660413 0.5277491961414791 25
1743992545575 0.6318971061093248 26
1743993425349 0.28638263665594854 27
1743994291468 0.5065755627009646 28
1743995161180 0.449967845659164 29
