1743972238923 3.232526231425368 1
1743973091383 1.357543611833137 2
1743973853681 0.9353540966652597 3
1743974580619 0.7072424137323999 4
1743975300769 0.5537494439212456 5
1743976021570 0.4348496339760026 6
1743976746112 0.3514724220134246 7
1743977463745 0.29441201281988355 8
1743978187094 0.24157186082513385 9
1743978908356 0.22963665013719603 10
1743979634227 0.18547611014612042 11
1743980364814 0.16809999801434122 12
1743981096068 0.17128637891825757 13
1743981829029 0.12626891677234908 14
1743982701154 0.1135093723857997 15
1743983585406 0.13998223592638012 16
1743984460581 0.11255777019624062 17
1743985336714 0.10612248913669461 18
1743986215050 0.09929045445624128 19
1743987084193 0.08737350002655886 20
1743987951911 0.10467444963968835 21
1743988819752 0.07661853313979085 22
1743989695602 0.0974299526470938 23
1743990578180 0.06575698206512635 24
1743991464308 0.08043792750836137 25
1743992349927 0.09100246527965908 26
1743993230505 0.06042077476038954 27
1743994100230 0.055524451453747806 28
1743994967625 0.09800863059662833 29
